644 Ι N D Ε Χ Ι.
Virgilius Georg. II, 112. XVII, 7,5o. Virgilius Aen. I, 553. Ι, 35, 5.
117. ΙΧ, 2, 14. 579. I, 33, 5.
126. XVII. 7, 8. 597. II, 4, 6.
131. Ι, 36, 6. 665. 11, 4, 6.
999. 11, 21, 23. VI‚8,11. 607. 11, 4, 6.

325.
402,
430.
448.
111, 1.
103.
231.
344.
474.

lv, 1.
124.

168.

169.

255.

289.

Aen. Ι, 3. I,

11. Π,

vm, 11, 70.
v, 36, 1.
Χιν, 6, 32.
Χν11,7, 16. 4ο.
Χν11,3, 19.
Χν111,34, 1.
Χν11,9, 102.
1, 35, 19.
Χιν,3, 18.
xx, 2, 36.
Χν11,7, 50.
xn, 8, 3.
xvn, 9, 12.
XI, 2, 35.
ΧΙΧ, 1, 17.
34, 6.

21, 15.

62. x1v, 9, 4.
73. 74. XVIII, 2, 7.

107. 1,

36, 21.

110. XIII, 18, 6.
118. 1, 33, 11.
129. 11, 30, 9.
135. 11, 91, 35.
140. 1, 36, 23.
148. 1, 36, 35.

159. Ι,

165. I,

35, 18.
35, 18.

180. xvn, 6, 26.
134 (v.1.). 1, 36, 99.
959. Χ, 19, 91.

954. 1,

34, 6.

257. x, 242. 11, 21,}18.
263. 1, 33, 14.
288. 1Χ, 3, 13.

301. 1,

86, 5.

374. v, 31, 5.

383. x, 62.

387 (v. 1.). 1, 36,15.
4ο7. xvn, 9, 80.

412. 1,

36, 19.

495. xv, 2, 3.
453. XVI, 20, 11.

475. 1,

36, 11.

439. V, 31, 14.

499. 1,

34, 4.

546. 1, 33, 9.

643. Ι, 36, 13.

653. Χ1Χ, 94, 10.

697. xvn⁷ 9, 14.

712. xx, 1, 3.

727. xx, 1, 3.

728. xx, 5, 3.

744. 111, 70, 12.
2¹0⁶· 11⁷2 ὲ·

. , ο, .

27. 1, 35, 5.

30. 1Χ, 3, 59.

934. xv, 2,18.

250. V, 31, 3. XIII, 1, 5.

256. Ι, 36, 13.
262. ΙΙ, 20, 4.
311. 1, 36, 8.
343. 1, 36, 20.
417. V, 31, 4.
502. X, 100.
547. I, 36, 29.
719. xIII, 21, 1.
¹¹¹³ ξ’
. , , .
61. Ι, 35, 22.
75. 1, 36, 16.

109. xv, 2, 3. 1Χ, 3, 41.

127. x, 154.

144. 1Χ, 9, 39.
157. 1, 35, 8.
133. 1, 35, 14.
943. x, 211.
389. XIV, 6, 35.
409. 1, 34, 9.
493. 1, 36, 21.
434. XIX, 22, 22.
520. xlx, 3, 1.
556. 111, 19, 2.
619. 1,36, 11.
662. 1, 36, 17.
669. Χ, 216.
677. Χ, 269.

Iv, 11. 12. 13. 1Χ, 7, 28.
13. 11, 30, 12.
41. Χ, 136.

42. lx, 2, 107.
63. Χ111, 1ο, 8.
73. xvn, 9, 29.

Virgilius Aen. IV, 136. 1, 33, 10.

137.
174.

xlx, 33, 8.
v, 27, 26.

223. x, 158.

367.
373.
381.
453.
433.
437.
511.
553.
568.
569.
584.
660.
637.
V, 20.
157.
199.
208.
273.
287.
407.
588.
633.
317.
VI, 19.
86.
119.

x1v‚ 3, 33.
11, 91,15.

II, 21, 18.

XI, 1, 46.

1Χ, 9, 193.

vlu, 9, 6.

vm, 11, 57.

11, 91, 4ο.

1, 36, 2.

11, 30, 6. Χν111,15, 9.
I, 36, 15.

I, 35, 10.

Χ11, 6, 54.

Χ111, 7, 2.

I, 36, 6.

XIV, 8, 21.

vm, 7, 2. xvnl, 7, 3.
xv, 16, 7.

I, 33, 4.

1, 36, 11.

11, 21, 25.

1v, 6, 18.

1, 36, 10.

1, 36, 5.

xvm, 1, 9.

1, 36, 3⁵.

160. VI, 8, 3.

204.
365.
411.
412.
526.
631.
646.

xvl, 18, 1.

11, 21, 18.

XIX, 2, 5.

xv, 6, 3. XIX, 2, 2.
I, 35, 14.

Χ, 110.

111, 91, 4.

773. 1, 34, 4.

781.
VII, 83.

133

162.
188.
266.
354.
363.
519.
637.
732.

XV, 1, 1.

Ι, 17, 6.

. VI, 19, 32.
lx. 3, 37.
xv111, 12, 3.
1Χ, 3, 19.
xm, 7, 1.
11, 30, 7.
xvm, 4, 4.
Χν111,4, 5.
xv111, 12, 5.

741. XVIII, 7, 7.
759. 1, 35, 9.

