SCRIPTORUM AB ISIDORO CITATORUM. 645

Virgilius Aen. VII, 817. XVIII,7, 11.

VIII, 113. II, 21, 16.
147. II, 30, 11.
232. x, 101.
313. XV, 1, 1. 55.
864. II, 21, 2ο,
405. I, 36, 15.
430 (v. I.). XIII, 11, 22.
446. XVI, 21, 1.
526, XVIII, 4, 2. ΙΙΙ, 20, 3.
560. ΙΙ, 21, 18.
641. XVIII, 1, 11.
660. IX, 2, 104.
666. XX, 12, 4.
IX, 1. I, 34, 5.
26. Ι, 34, 4.
76. 1, 36, 9.
95. II, 30, 8.
223. II, 21, 15.
231. I, 34, 3.
503. ΙΙΙ, 19, 2. XVIII, 4, 4.
535. IX, 3, 21.
549. 1, 36, 15.
582. XIX, 28, 6.
609. I, 33, 12.
747. XVIII, 7, 10.
X, 13. XIV, 8, 13.
31 (v.1.). 11, 30, 13.
88. 1, 19, 18.
142. XIII, 21, 21.
149. Ι, 35, 4.
289. XIII, 18, 6.
314. XV111,33, 1. 1, 29, 2.
333. ΙΙ, 30, 7.
370. IX, 3, 22.
394. Ι, 34, 6.
581, 11, 30, 8.
XI‚218. X, 211.
588. X, 158.
644. XVIII, 5, 2
XII, 161 et 169. 1, 35, 2.
898. XVIII, 15, 4.
903. 1, 35, 15.

SCRIPTURAE SACRAE Locl.

A. Testamentum Vetus.

Amo-5· 2, 13. VII, 1, 40.
Aggai. 2, 8. ΥΠ, 6, 64.

cantic. Canticor. I, 10. XIX, 31, 14.

vl, 19, 44.

Daniel. 3, 94. XIX, 23, 2.
7, 10. VII, 5, 20.
10,13. VII, 5, 28.
Deuteron. 6, 14. VIII, 5, 68.
15,12. IX, 6,18.
33, 6. Ι, 33, 7.
Eeclesiast. 24, 19. XVII, 7, 37.
33, 15. II, 21, 5.
50, 17. VI, 19, 32.

Exod. 3, 14. VII, 1,11.
8, 19. VII, 6, 44.
26, 1. XIX, 26, 9.

31, 18. VII, 3, 21.
incert. Ioc. XV, Ι, 33.

Ezeclz. 1, 1. ΥΠ, 8, 2.
3, 17. ΥΠ, 8, 16.
9, 4. I, 3, 9.

40, 5. XV, 15, 3.

Genes. 1, 3. IX, 1, 11.

5. V, 30, 3.
6. 8. VII, 5, 30.
1ο. XIV, 1, 2.
28. IX, 7, 27.
31. VIII, 5, 50.
2, 7. XI, 1, 4.
18. IX. 7, 27.
23. XI, 2, 20.
28. IX, 7, 27.
Β, 1. XII, 4, 43.
4, 24. VII, 6, 10.
5, 29. VII, 6, 15.
13, 8. IX, 6, 8.
16, 11. VII, 6, 32.
17, 5. VII, 7, 2.
16. VII, 6, 29.
22,12. VII, 8, 35.
27, 36. VII, 7, 5.
29, 32. ΥΠ, 7, 7.
33. ΥΠ, 7, 8,
34. ΥΠ, 7, 9.
35. ΥΠ, 7, 10.
30, 8. VII, 7, 13.
11. ΥΠ, 7, 14.
18. VII, 7, 11.
20. VII, 7, 12.
32, 30. vn, 7, 6.

[erem. 1, 5. VI, 2, 36. VII, 8, 32.

7. XI, 2, 5.
51,14. VII, 1, 36.

lcsai. 6, 1. VII, 8, 34.

Ῑε-ςαί. 9, 6. ΥΠ, 2, 34. XI, 2, 11.
45, 7. VIII, 5, 49.
52, 7. VII, 8, 13.
63, 4. VIII, 5, 68.
66, 5. IX, 6, 10. - incert. loc.
XIX, 25, 6.
Iob 1, 1. IX, 2, 4.
3, 3. VI, 2, 14.
2I,33 (7). XIV, 9, 7.
38, 2. VII, 8, 15.
3. XI, 1, 98.
42, 6. VI, 2, 14.
lun. 2, 3. XII, 6, 8.
lad. 14, 14. l, 36, 26.
ΜαΙαεΙι. 1, 1. VII, 8, 22.
Psalm. 1, 4. XVI. 1, 1.
30, 8. XVII, 7, 53.
33, 21. XIX, 1, 10.
68‚12. VIII, 11, 91.
80, 2. VII, 5, 26.
4. VII, 1, 37.
81, 4. ΙΙΙ, 20, 3. VI,18, 11.
7. XX, 9, 9.
82, 6 (7). V, 24, 3. VII,4, 10.
102, 28. VII, 7, 39.
104, 6. VII, 1, 39.
25. XIII, 6, 2.

113, 4. VII, 1, 9.
114,16. VII, 1, 22.
133, 1. IX, 6, 10.
139, 8. VII, 1, 39.
incert. loc. XIII, 4, 3.

Proverb. 1, 5. XIX, 1, 8.
6, 13. 1, 25, 2.
8,15. IX, 3, 19.
9, 1. VIII, 1, 3.
14, 17. X, 157.
31, 22. XIX, 26, l.
Regg. 1, 6, 1. VII, 8, 12.
9, 9. VII, 7, 16.
17, 24. VII, 8, 19.
18, 39. VII, 8, 4.
11, 9, 36. VII, 6, 78.

III, lo, 16. 17. XVIII, 12, 4.
Rutlz. 1, 16. VH, 6, 58.
Samuel incert. loc. XVI, 6, Ξ.
Soplzon. 3, 4. X, 191.
zachar. 2, 3. VII, 5, 7.

9, 9. VI, 18, 13.

inem. loc. VI, 2, 31.

